[[ 0.37963763,-0.06478705,-0.3052939 ,-0.03255702,-0.58362854, 0.71483463,
   0.34518743, 0.427966  ,-0.6223351 , 1.3656752 , 0.36975464, 0.5746125 ]]
[[ 0.08172546,-0.13414857,-0.5038333 , 0.05579994,-0.81842995, 0.7174497 ,
   0.7816992 , 0.72231966,-0.19211519, 1.0739876 , 1.2213862 , 1.8594704 ]]
[[ 0.21267927,-0.17441006,-0.58876073, 0.01108401,-0.5972128 , 0.5281906 ,
   1.1409053 , 0.85598344, 0.38272464, 0.981464  , 1.5172445 , 2.1891623 ]]
[[ 0.18589512,-0.11278868,-0.4967539 , 0.06407837,-0.21369886, 0.4143424 ,
   1.3420966 , 0.89234775, 1.3632494 , 1.1182601 , 1.7349913 , 2.2915592 ]]
[[ 0.28807837, 0.0582836 ,-0.40213734, 0.18810585, 0.79870343, 0.29925138,
   1.3661468 , 0.73966575, 1.9690326 , 1.3417127 , 2.104351  , 2.1468961 ]]
[[ 0.1301862 ,-0.38245964, 0.10936085, 0.85425836, 1.2862892 , 0.44860154,
   0.07890749, 0.26250908, 1.4776785 ,-1.2269576 , 1.9914074 , 2.275449  ]]
[[ 0.0487349 ,-0.34987336, 0.605479  , 1.027025  , 1.6129637 , 0.21122155,
  -0.18146266,-0.18824129, 2.1908562 ,-1.873517  , 0.33055973, 1.8677566 ]]
[[ 0.3240588 , 0.48501274, 0.80519164,-0.6231236 , 1.2313968 ,-0.29624826,
  -0.31208527,-0.00706409, 2.086034  , 1.1363788 ,-1.6898775 ,-2.5783112 ]]
[[-0.07321525, 0.4589831 , 0.5566642 ,-0.53091794, 0.8782934 , 0.1350821 ,
  -0.83846986, 0.25360718, 1.7555977 , 1.5223105 ,-1.7115561 ,-3.1945982 ]]
[[ 0.05072433, 0.43816873, 0.19557476,-0.67882377, 0.45024288, 0.16259456,
  -0.46561652, 0.27026844, 1.6392242 , 1.7641748 ,-1.3353367 ,-3.1994221 ]]
[[ 0.6959019 , 0.07278413,-0.66085577,-0.5888117 , 0.79250085, 0.24314559,
   0.5356599 , 0.22284603,-1.0331278 , 1.5644408 , 1.1344441 ,-2.040023  ]]
[[ 0.7933137 ,-0.29444107,-0.25089654, 0.3689133 , 0.89358914, 0.3439476 ,
   0.82958037,-0.17088775,-1.9355474 , 0.29412138, 1.4832975 , 2.0013642 ]]
[[ 0.32444933,-0.6067796 ,-0.2060428 , 0.63644505, 0.66194177, 0.5633942 ,
   0.16279355, 0.07686651,-1.5271872 ,-0.75522083, 1.7230704 , 1.8804249 ]]
[[ 0.64323235,-0.338271  ,-0.15597717, 0.45823145, 0.7849413 , 0.5007782 ,
   0.65115434, 0.05599146,-1.2073587 ,-0.75313675, 1.4009231 , 2.6365166 ]]
[[ 0.22559434,-0.16281867, 0.5192416 , 0.980797  , 1.0446106 , 0.4029492 ,
   0.24280901, 0.03416216, 2.1884708 ,-1.8204715 , 0.57355994, 2.3860216 ]]
[[ 0.45220602, 0.6774328 , 0.7317134 ,-0.5814829 , 0.94649816,-0.177321  ,
   0.38302696, 0.29991132, 2.7949398 , 1.4463665 ,-1.3723702 ,-2.0009801 ]]
[[ 0.04774675, 0.47016457, 0.49912944,-0.3885092 , 0.20619681, 0.28116524,
  -0.19774349, 0.33850998, 2.1676683 , 1.6400598 ,-1.775216  ,-2.795733  ]]
[[ 0.29311782, 0.55784905, 0.25919232,-0.6450283 , 0.3859937 , 0.05888671,
   0.09958902, 0.28653654, 2.2098398 , 1.9758441 ,-1.1352828 ,-2.7913337 ]]
[[ 1.0446482 ,-0.0558545 ,-0.7650808 ,-0.1545859 , 0.8976079 , 0.02680892,
   1.0364264 , 0.09766409,-1.2539222 , 1.3615978 , 1.7452394 ,-0.67940706]]
[[ 0.53953594,-0.1810883 ,-0.3225483 , 0.03208158, 0.40100706, 0.40116942,
   0.37182963, 0.23516515,-2.229478  , 0.0725535 , 1.0951651 , 2.316918  ]]
[[ 0.6043675 ,-0.5071175 ,-0.29555637, 0.53901136, 0.2995859 , 0.7461806 ,
   0.32295972, 0.24312936,-1.8749646 ,-0.53885067, 1.4482931 , 2.287127  ]]
[[ 0.59953094,-0.50085115,-0.22417405, 0.5878292 , 0.5342103 , 0.6981702 ,
   0.28460717, 0.2485191 ,-0.99772394,-1.2811434 , 1.5399723 , 2.5217526 ]]
[[ 0.19004601,-0.2883299 , 0.38818356, 1.0545801 , 0.7641885 , 0.52461904,
  -0.04154482, 0.15217091, 2.2435646 ,-1.8072917 , 0.7916646 , 2.206527  ]]
[[ 0.54654   , 0.5926486 , 0.817811  ,-0.49856818, 0.9813522 ,-0.20957755,
   0.34655935, 0.25337166, 2.7958598 , 1.2646732 ,-1.6422709 ,-1.7896338 ]]
[[ 0.10578627, 0.2667551 , 0.5414916 ,-0.3049334 , 0.3902496 , 0.12376325,
   0.15359072, 0.34977272, 2.4918268 , 1.5125678 ,-1.632043  ,-2.3941274 ]]
[[ 0.5265365 , 0.33459923, 0.4078252 ,-0.42604387, 0.6516166 ,-0.23209156,
   0.6722118 , 0.22542031, 2.5793242 , 1.7408117 ,-0.8103017 ,-2.1403463 ]]
[[ 0.8668187 , 0.16675355,-0.34076098,-0.19340205, 1.0552578 ,-0.47374278,
   1.3683875 , 0.04741557, 1.3810489 , 1.3589218 , 1.5466061 ,-1.1177042 ]]
[[ 0.9780115 ,-0.29197812,-0.5739454 , 0.33537048, 0.5386163 , 0.49872327,
   0.70897675, 0.03482552,-2.3909414 , 0.80295014, 1.3485996 , 2.4228692 ]]
[[ 0.6903993 ,-0.52315736,-0.5057936 , 0.46692473, 0.3084547 , 0.7174888 ,
   0.3414542 , 0.22257979,-2.303742  ,-0.3542378 , 1.436221  , 2.4674125 ]]
[[ 0.5422793 ,-0.54630476,-0.30324093, 0.54005957, 0.30000085, 0.7718275 ,
   0.20050722, 0.24072053,-1.7512729 ,-0.8353838 , 1.4198965 , 2.2906353 ]]
[[ 0.3568843 ,-0.56726104,-0.186807  , 0.6597635 , 0.46090487, 0.6183264 ,
  -0.08256139, 0.28783363, 0.26857698,-1.8111577 , 1.1867181 , 2.3237064 ]]
[[ 0.27692014, 0.08244395, 0.6250117 , 0.14095819, 0.7908888 , 0.03382021,
   0.0912612 , 0.1792747 , 2.674242  , 0.21812363,-1.1347142 , 1.1184427 ]]
[[ 0.44333827, 0.51067257, 0.75937927,-0.41639134, 0.75982594,-0.2534458 ,
   0.708847  , 0.29062364, 3.044688  , 1.2262489 ,-1.4473122 ,-1.9412708 ]]
[[ 0.26774278, 0.50607646, 0.4687381 ,-0.37250978, 0.2928832 , 0.06963073,
   0.2602334 , 0.35191762, 2.5989442 , 1.630022  ,-1.5408672 ,-2.6028426 ]]
[[ 0.4802889 , 0.5176139 ,-0.01445964,-0.3118651 , 0.38498387,-0.05448417,
   0.8042276 , 0.2797435 , 2.3427327 , 1.5475128 , 0.95857763,-2.1598082 ]]
[[ 1.0094184 ,-0.26281407,-0.5076481 , 0.01584601, 1.1302694 , 0.00935115,
   1.2531766 ,-0.0928769 ,-2.0781515 , 1.1432314 , 1.1222546 , 2.47204   ]]
[[ 0.7056557 ,-0.5911745 ,-0.6441231 , 0.3636158 , 0.22592333, 0.69916373,
   0.33770674, 0.24513765,-2.2994425 ,-0.47067487, 1.3532642 , 2.4501266 ]]
[[ 0.50145006,-0.6203065 ,-0.36351818, 0.51472443, 0.3164728 , 0.7502803 ,
   0.04514119, 0.23821686,-1.6510916 ,-1.1756072 , 1.3393663 , 2.3501134 ]]
[[ 0.09298011,-0.42640927, 0.12933153, 0.89801246, 0.5337819 , 0.5548538 ,
  -0.2340505 , 0.2189012 , 1.7775307 ,-1.994019  , 0.8080064 , 2.13105   ]]
[[ 0.41867074, 0.49607715, 0.8449434 ,-0.3887818 , 0.7560991 ,-0.14328049,
   0.36250865, 0.29561007, 2.8897429 , 1.1209028 ,-1.7121586 ,-1.7947347 ]]
[[ 0.13226259, 0.31456122, 0.5346252 ,-0.3654226 , 0.34760675, 0.07714568,
   0.20365016, 0.42631674, 2.6973498 , 1.254735  ,-1.527962  ,-2.4046395 ]]
[[ 0.3201465 , 0.3502963 , 0.5972247 ,-0.31279975, 0.2906477 ,-0.08369665,
   0.64790744, 0.3581795 , 2.740837  , 1.491992  ,-1.1401525 ,-2.363462  ]]
[[ 0.60529184, 0.2609788 ,-0.1762838 ,-0.04988833, 0.7592546 ,-0.40120202,
   1.3446614 , 0.17619708, 2.521194  , 1.180685  , 1.6652116 ,-1.3072048 ]]
[[ 0.87783015,-0.32542086,-0.6239176 , 0.45387745, 0.4118883 , 0.6478158 ,
   0.6225304 , 0.12662965,-2.4087207 , 0.35558337, 1.538406  , 2.4964147 ]]
[[ 0.6784011 ,-0.5660841 ,-0.57805943, 0.41921335, 0.23119831, 0.71109796,
   0.2973239 , 0.23105365,-2.3308048 ,-0.44152433, 1.3995016 , 2.477519  ]]
[[ 0.5247334 ,-0.6623838 ,-0.41754755, 0.48890752, 0.26844406, 0.73335236,
   0.0579215 , 0.2505368 ,-1.5903475 ,-1.2089603 , 1.3206658 , 2.4147449 ]]
[[ 0.1449612 ,-0.49588454,-0.02881401, 0.76078016, 0.395379  , 0.6191123 ,
  -0.2276345 , 0.32081866, 0.9308847 ,-1.921766  , 0.87369555, 2.2101214 ]]
[[ 0.29441613, 0.4888188 , 0.8090044 ,-0.35449982, 0.517542  ,-0.10038723,
   0.3662354 , 0.36764038, 3.0253253 , 0.9062215 ,-1.5351822 ,-1.7924033 ]]
[[ 0.07305543, 0.3251629 , 0.5017278 ,-0.3484027 , 0.10774615, 0.0627377 ,
   0.27895898, 0.45971936, 2.804965  , 1.1696622 ,-1.2950349 ,-2.3394284 ]]
[[ 0.20008908, 0.37327582, 0.45543864,-0.28454837,-0.01410106, 0.04359184,
   0.5315626 , 0.4489541 , 2.654604  , 1.3010194 ,-0.9818481 ,-2.3174238 ]]
[[ 0.91099846, 0.06290022,-0.27091634,-0.15125671, 0.8565568 ,-0.5118111 ,
   1.2496051 , 0.02920838, 1.4664667 , 0.9931061 , 1.2540766 ,-0.96647286]]
[[ 0.64170164,-0.42436954,-0.65158033, 0.52133507, 0.09787491, 0.7851942 ,
   0.27316198, 0.19873914,-2.40098   ,-0.28223655, 1.4236407 , 2.4664462 ]]
[[ 0.60270566,-0.72113   ,-0.72023046, 0.380567  , 0.12100306, 0.7296528 ,
   0.1955908 , 0.2537843 ,-2.0962658 ,-0.94602966, 1.2283453 , 2.4937854 ]]
[[ 0.29344243,-0.6363474 ,-0.46626934, 0.46573055, 0.09362566, 0.7086705 ,
  -0.14722492, 0.4553244 ,-0.39002877,-1.5682638 , 1.2642466 , 2.475364  ]]
[[ 0.07240739, 0.19172445, 0.63447666,-0.05895083,-0.12627676, 0.04064369,
   0.19434074, 0.53935313, 3.1152024 ,-0.24949156,-0.6434555 ,-0.8063892 ]]
[[-0.01725264, 0.48762175, 0.59627354,-0.32311088,-0.07090673, 0.18650976,
  -0.02142917, 0.40418553, 2.5107615 , 1.0987824 ,-1.1605601 ,-2.4280126 ]]
[[ 0.23783302, 0.40527925, 0.19082129,-0.0547827 ,-0.31947723, 0.31572688,
   0.39815825, 0.5412032 , 2.4111845 , 0.87515676,-0.42854702,-1.6254472 ]]
[[ 0.6408567 , 0.17797396,-0.11666061,-0.1850386 ,-0.03655848, 0.03838858,
   0.81464136, 0.32606345, 1.2948494 , 0.82820857, 0.37165415,-1.381155  ]]
[[ 1.070875  ,-0.3398261 ,-0.7148824 , 0.01697717, 0.81963265, 0.10318939,
   0.93187076, 0.04089545,-1.8885506 , 0.9261146 , 1.4218425 , 1.1694992 ]]
[[ 0.70969236,-0.71608603,-0.65445733, 0.3493864 , 0.36966157, 0.59768146,
   0.37503988, 0.1609356 ,-2.2902193 ,-0.8893149 , 1.5615283 , 2.3887396 ]]
